auprc = 0.9045452599496874
auroc = 0.9191802299537107
eval_loss = 0.9437067111150446
fn = 27
fp = 25
mcc = 0.6803354979267836
tn = 156
tp = 121
